[0,0.578947]
[1,0.588235]
[2,0.566563]
[3,0.563467]
[4,0.588235]
[5,0.600619]
[6,0.606811]
[7,0.628483]
[8,0.625387]
[9,0.637771]
[10,0.640867]
[11,0.643963]
[12,0.650155]
[13,0.647059]
[14,0.650155]
[15,0.650155]
[16,0.656347]
[17,0.653251]
[18,0.650155]
[19,0.647059]
[20,0.647059]
[21,0.647059]
[22,0.650155]
[23,0.659443]
[24,0.656347]
[25,0.656347]
[26,0.656347]
[27,0.656347]
[28,0.653251]
[29,0.653251]
[30,0.653251]
[31,0.650155]
[32,0.650155]
[33,0.653251]
[34,0.653251]
[35,0.662539]
[36,0.662539]
[37,0.662539]
[38,0.665635]
[39,0.668731]
[40,0.671827]
[41,0.674923]
[42,0.674923]
[43,0.674923]
[44,0.674923]
[45,0.674923]
[46,0.674923]
[47,0.674923]
[48,0.674923]
[49,0.674923]
[50,0.674923]
[51,0.674923]
[52,0.671827]
[53,0.671827]
[54,0.671827]
[55,0.671827]
[56,0.671827]
[57,0.671827]
[58,0.671827]
[59,0.671827]
[60,0.668731]
[61,0.668731]
[62,0.665635]
[63,0.665635]
[64,0.665635]
[65,0.665635]
[66,0.665635]
[67,0.665635]
[68,0.665635]
[69,0.665635]
[70,0.665635]
[71,0.665635]
[72,0.665635]
[73,0.665635]
[74,0.665635]
[75,0.665635]
[76,0.665635]
[77,0.665635]
[78,0.665635]
[79,0.665635]
[80,0.665635]
[81,0.665635]
[82,0.665635]
[83,0.665635]
[84,0.665635]
[85,0.665635]
[86,0.665635]
[87,0.665635]
[88,0.668731]
[89,0.668731]
[90,0.668731]
[91,0.668731]
[92,0.668731]
[93,0.668731]
[94,0.668731]
[95,0.668731]
[96,0.668731]
[97,0.671827]
[98,0.665635]
[99,0.665635]
[100,0.665635]
[101,0.662539]
[102,0.662539]
[103,0.662539]
[104,0.662539]
[105,0.662539]
[106,0.662539]
[107,0.662539]
[108,0.662539]
[109,0.662539]
[110,0.662539]
[111,0.662539]
[112,0.662539]
[113,0.662539]
[114,0.662539]
[115,0.662539]
[116,0.662539]
[117,0.662539]
[118,0.662539]
[119,0.662539]
[120,0.662539]
[121,0.662539]
[122,0.662539]
[123,0.662539]
[124,0.662539]
[125,0.662539]
[126,0.662539]
[127,0.662539]
[128,0.662539]
[129,0.662539]
[130,0.662539]
[131,0.662539]
[132,0.659443]
[133,0.659443]
[134,0.659443]
[135,0.659443]
[136,0.659443]
[137,0.659443]
[138,0.659443]
[139,0.659443]
[140,0.659443]
[141,0.659443]
[142,0.659443]
[143,0.659443]
[144,0.659443]
[145,0.659443]
[146,0.659443]
[147,0.659443]
[148,0.659443]
[149,0.659443]
[150,0.659443]
[151,0.659443]
[152,0.659443]
[153,0.659443]
[154,0.659443]
[155,0.659443]
[156,0.659443]
[157,0.659443]
[158,0.659443]
[159,0.659443]
[160,0.659443]
[161,0.659443]
[162,0.659443]
[163,0.659443]
[164,0.659443]
[165,0.659443]
[166,0.659443]
[167,0.659443]
[168,0.659443]
[169,0.659443]
[170,0.659443]
[171,0.659443]
[172,0.659443]
[173,0.659443]
[174,0.659443]
[175,0.659443]
[176,0.659443]
[177,0.659443]
[178,0.659443]
[179,0.659443]
[180,0.659443]
[181,0.659443]
[182,0.659443]
[183,0.659443]
[184,0.659443]
[185,0.659443]
[186,0.659443]
[187,0.659443]
[188,0.659443]
[189,0.659443]
[190,0.659443]
[191,0.659443]
[192,0.659443]
[193,0.659443]
[194,0.659443]
[195,0.659443]
[196,0.659443]
[197,0.659443]
[198,0.659443]
[199,0.659443]
[200,0.659443]
[201,0.659443]
[202,0.659443]
[203,0.659443]
[204,0.659443]
[205,0.659443]
[206,0.656347]
[207,0.656347]
[208,0.656347]
[209,0.656347]
[210,0.656347]
[211,0.656347]
[212,0.656347]
[213,0.656347]
[214,0.656347]
[215,0.659443]
[216,0.659443]
[217,0.659443]
[218,0.659443]
[219,0.659443]
[220,0.659443]
[221,0.659443]
[222,0.659443]
[223,0.665635]
[224,0.665635]
[225,0.665635]
[226,0.665635]
[227,0.665635]
[228,0.665635]
[229,0.665635]
[230,0.665635]
[231,0.665635]
[232,0.665635]
[233,0.665635]
[234,0.662539]
[235,0.662539]
[236,0.662539]
[237,0.662539]
[238,0.662539]
[239,0.662539]
[240,0.662539]
[241,0.662539]
[242,0.662539]
[243,0.662539]
[244,0.662539]
[245,0.662539]
[246,0.662539]
[247,0.662539]
[248,0.662539]
[249,0.662539]
[250,0.662539]
[251,0.662539]
[252,0.662539]
[253,0.662539]
[254,0.662539]
[255,0.662539]
[256,0.662539]
[257,0.662539]
[258,0.662539]
[259,0.662539]
[260,0.662539]
[261,0.662539]
[262,0.662539]
[263,0.662539]
[264,0.659443]
[265,0.653251]
[266,0.653251]
[267,0.653251]
[268,0.653251]
[269,0.653251]
[270,0.653251]
[271,0.653251]
[272,0.650155]
[273,0.650155]
[274,0.650155]
[275,0.650155]
[276,0.650155]
[277,0.650155]
[278,0.650155]
[279,0.650155]
[280,0.647059]
[281,0.647059]
[282,0.647059]
[283,0.647059]
[284,0.647059]
[285,0.647059]
[286,0.647059]
[287,0.647059]
[288,0.647059]
[289,0.647059]
[290,0.647059]
[291,0.650155]
[292,0.650155]
[293,0.650155]
[294,0.650155]
[295,0.650155]
[296,0.650155]
[297,0.650155]
[298,0.650155]
[299,0.650155]
[300,0.650155]
[301,0.650155]
[302,0.650155]
[303,0.650155]
[304,0.650155]
[305,0.650155]
[306,0.647059]
[307,0.647059]
[308,0.647059]
[309,0.647059]
[310,0.647059]
[311,0.647059]
[312,0.647059]
[313,0.647059]
[314,0.647059]
[315,0.647059]
[316,0.647059]
[317,0.647059]
[318,0.647059]
[319,0.647059]
[320,0.647059]
[321,0.643963]
[322,0.643963]
[323,0.643963]
[324,0.643963]
[325,0.643963]
[326,0.643963]
[327,0.643963]
[328,0.643963]
[329,0.643963]
[330,0.643963]
[331,0.643963]
[332,0.643963]
[333,0.643963]
[334,0.643963]
[335,0.643963]
[336,0.643963]
[337,0.643963]
[338,0.643963]
[339,0.643963]
[340,0.643963]
[341,0.643963]
[342,0.643963]
[343,0.643963]
[344,0.643963]
[345,0.643963]
[346,0.647059]
[347,0.647059]
[348,0.643963]
[349,0.643963]
[350,0.643963]
[351,0.650155]
[352,0.650155]
[353,0.650155]
[354,0.650155]
[355,0.650155]
[356,0.650155]
[357,0.650155]
[358,0.650155]
[359,0.650155]
[360,0.650155]
[361,0.650155]
[362,0.650155]
[363,0.650155]
[364,0.650155]
[365,0.650155]
[366,0.650155]
[367,0.650155]
[368,0.650155]
[369,0.650155]
[370,0.650155]
[371,0.650155]
[372,0.650155]
[373,0.650155]
[374,0.650155]
[375,0.650155]
[376,0.650155]
[377,0.650155]
[378,0.650155]
[379,0.650155]
[380,0.650155]
[381,0.650155]
[382,0.650155]
[383,0.650155]
[384,0.650155]
[385,0.650155]
[386,0.650155]
[387,0.650155]
[388,0.650155]
[389,0.650155]
[390,0.650155]
[391,0.650155]
[392,0.650155]
[393,0.650155]
[394,0.650155]
[395,0.650155]
[396,0.650155]
[397,0.650155]
[398,0.650155]
[399,0.650155]
[400,0.650155]
[401,0.650155]
[402,0.650155]
[403,0.650155]
[404,0.650155]
[405,0.650155]
[406,0.650155]
[407,0.650155]
[408,0.650155]
[409,0.650155]
[410,0.650155]
[411,0.650155]
[412,0.650155]
[413,0.650155]
[414,0.650155]
[415,0.650155]
[416,0.650155]
[417,0.650155]
[418,0.650155]
[419,0.650155]
[420,0.650155]
[421,0.650155]
[422,0.650155]
[423,0.650155]
[424,0.650155]
[425,0.650155]
[426,0.650155]
[427,0.650155]
[428,0.650155]
[429,0.650155]
[430,0.650155]
[431,0.650155]
[432,0.650155]
[433,0.650155]
[434,0.650155]
[435,0.650155]
[436,0.650155]
[437,0.650155]
[438,0.650155]
[439,0.650155]
[440,0.650155]
[441,0.650155]
[442,0.650155]
[443,0.650155]
[444,0.650155]
[445,0.650155]
[446,0.650155]
[447,0.650155]
[448,0.650155]
[449,0.650155]
[450,0.650155]
[451,0.650155]
[452,0.650155]
[453,0.650155]
[454,0.650155]
[455,0.650155]
[456,0.650155]
[457,0.650155]
[458,0.650155]
[459,0.650155]
[460,0.650155]
[461,0.650155]
[462,0.650155]
[463,0.650155]
[464,0.650155]
[465,0.650155]
[466,0.650155]
[467,0.650155]
[468,0.650155]
[469,0.650155]
[470,0.650155]
[471,0.650155]
[472,0.650155]
[473,0.650155]
[474,0.650155]
[475,0.650155]
[476,0.650155]
[477,0.650155]
[478,0.650155]
[479,0.650155]
[480,0.650155]
[481,0.650155]
[482,0.650155]
[483,0.650155]
[484,0.650155]
[485,0.650155]
[486,0.650155]
[487,0.650155]
[488,0.650155]
[489,0.650155]
[490,0.650155]
[491,0.650155]
[492,0.650155]
[493,0.650155]
[494,0.650155]
[495,0.650155]
[496,0.650155]
[497,0.650155]
[498,0.650155]
[499,0.650155]
[500,0.650155]
[501,0.650155]
[502,0.650155]
[503,0.650155]
[504,0.650155]
[505,0.650155]
[506,0.650155]
[507,0.650155]
[508,0.650155]
[509,0.650155]
[510,0.650155]
[511,0.650155]
[512,0.650155]
[513,0.650155]
[514,0.650155]
[515,0.650155]
[516,0.650155]
[517,0.650155]
[518,0.650155]
[519,0.650155]
[520,0.650155]
[521,0.650155]
[522,0.650155]
[523,0.650155]
[524,0.650155]
[525,0.650155]
[526,0.650155]
[527,0.650155]
[528,0.650155]
[529,0.650155]
[530,0.650155]
[531,0.650155]
[532,0.650155]
[533,0.650155]
[534,0.650155]
[535,0.650155]
[536,0.650155]
[537,0.650155]
[538,0.650155]
[539,0.650155]
[540,0.650155]
[541,0.650155]
[542,0.650155]
[543,0.650155]
[544,0.650155]
[545,0.650155]
[546,0.650155]
[547,0.650155]
[548,0.650155]
[549,0.650155]
[550,0.650155]
[551,0.650155]
[552,0.650155]
[553,0.650155]
[554,0.650155]
[555,0.650155]
[556,0.650155]
[557,0.650155]
[558,0.650155]
[559,0.650155]
[560,0.650155]
[561,0.650155]
[562,0.650155]
[563,0.650155]
[564,0.650155]
[565,0.650155]
[566,0.650155]
[567,0.650155]
[568,0.650155]
[569,0.650155]
[570,0.650155]
[571,0.650155]
[572,0.650155]
[573,0.650155]
[574,0.650155]
[575,0.650155]
[576,0.650155]
[577,0.650155]
[578,0.650155]
[579,0.650155]
[580,0.650155]
[581,0.650155]
[582,0.650155]
[583,0.650155]
[584,0.650155]
[585,0.650155]
[586,0.650155]
[587,0.650155]
[588,0.650155]
[589,0.650155]
[590,0.650155]
[591,0.650155]
[592,0.650155]
[593,0.650155]
[594,0.650155]
[595,0.650155]
[596,0.650155]
[597,0.650155]
[598,0.650155]
[599,0.650155]
[600,0.650155]
[601,0.650155]
[602,0.650155]
[603,0.650155]
[604,0.650155]
[605,0.650155]
[606,0.650155]
[607,0.650155]
[608,0.650155]
[609,0.650155]
[610,0.647059]
[611,0.647059]
[612,0.647059]
[613,0.647059]
[614,0.647059]
[615,0.647059]
[616,0.647059]
[617,0.647059]
[618,0.647059]
[619,0.647059]
[620,0.647059]
[621,0.647059]
[622,0.647059]
[623,0.647059]
[624,0.647059]
[625,0.647059]
[626,0.647059]
[627,0.647059]
[628,0.647059]
[629,0.647059]
[630,0.647059]
[631,0.647059]
[632,0.647059]
[633,0.647059]
[634,0.647059]
[635,0.647059]
[636,0.647059]
[637,0.647059]
[638,0.647059]
[639,0.647059]
[640,0.647059]
[641,0.647059]
[642,0.647059]
[643,0.647059]
[644,0.647059]
[645,0.647059]
[646,0.647059]
[647,0.647059]
[648,0.647059]
[649,0.647059]
[650,0.647059]
[651,0.647059]
[652,0.647059]
[653,0.647059]
[654,0.647059]
[655,0.647059]
[656,0.647059]
[657,0.647059]
[658,0.647059]
[659,0.647059]
[660,0.647059]
[661,0.647059]
[662,0.647059]
[663,0.647059]
[664,0.647059]
[665,0.647059]
[666,0.647059]
[667,0.647059]
[668,0.647059]
[669,0.647059]
[670,0.647059]
[671,0.647059]
[672,0.647059]
[673,0.647059]
[674,0.647059]
[675,0.647059]
[676,0.647059]
[677,0.647059]
[678,0.647059]
[679,0.647059]
[680,0.647059]
[681,0.647059]
[682,0.647059]
[683,0.647059]
[684,0.647059]
[685,0.647059]
[686,0.647059]
[687,0.647059]
[688,0.647059]
[689,0.647059]
[690,0.647059]
[691,0.647059]
[692,0.647059]
[693,0.647059]
[694,0.647059]
[695,0.647059]
[696,0.647059]
[697,0.647059]
[698,0.647059]
[699,0.647059]
[700,0.647059]
[701,0.647059]
[702,0.647059]
[703,0.647059]
[704,0.647059]
[705,0.647059]
[706,0.647059]
[707,0.647059]
[708,0.647059]
[709,0.647059]
[710,0.647059]
[711,0.647059]
[712,0.647059]
[713,0.647059]
[714,0.647059]
[715,0.647059]
[716,0.647059]
[717,0.647059]
[718,0.647059]
[719,0.647059]
[720,0.647059]
[721,0.647059]
[722,0.647059]
[723,0.647059]
[724,0.647059]
[725,0.640867]
[726,0.640867]
[727,0.640867]
[728,0.640867]
[729,0.640867]
[730,0.640867]
[731,0.640867]
[732,0.640867]
[733,0.640867]
[734,0.640867]
[735,0.640867]
[736,0.640867]
[737,0.640867]
[738,0.640867]
[739,0.640867]
[740,0.640867]
[741,0.640867]
[742,0.640867]
[743,0.640867]
[744,0.640867]
[745,0.640867]
[746,0.640867]
[747,0.640867]
[748,0.640867]
[749,0.640867]
[750,0.640867]
[751,0.640867]
[752,0.640867]
[753,0.640867]
[754,0.640867]
[755,0.640867]
[756,0.640867]
[757,0.640867]
[758,0.640867]
[759,0.640867]
[760,0.640867]
[761,0.640867]
[762,0.640867]
[763,0.640867]
[764,0.640867]
[765,0.640867]
[766,0.640867]
[767,0.640867]
[768,0.640867]
[769,0.640867]
[770,0.640867]
[771,0.640867]
[772,0.640867]
[773,0.640867]
[774,0.640867]
[775,0.640867]
[776,0.640867]
[777,0.640867]
[778,0.640867]
[779,0.640867]
[780,0.640867]
[781,0.640867]
[782,0.640867]
[783,0.640867]
[784,0.640867]
[785,0.640867]
[786,0.640867]
[787,0.640867]
[788,0.640867]
[789,0.640867]
[790,0.640867]
[791,0.640867]
[792,0.640867]
[793,0.640867]
[794,0.640867]
[795,0.640867]
[796,0.640867]
[797,0.640867]
[798,0.640867]
[799,0.640867]
[800,0.640867]
[801,0.640867]
[802,0.640867]
[803,0.640867]
[804,0.640867]
[805,0.640867]
[806,0.640867]
[807,0.640867]
[808,0.640867]
[809,0.640867]
[810,0.640867]
[811,0.640867]
[812,0.640867]
[813,0.640867]
[814,0.640867]
[815,0.640867]
[816,0.640867]
[817,0.640867]
[818,0.640867]
[819,0.640867]
[820,0.640867]
[821,0.640867]
[822,0.640867]
[823,0.640867]
[824,0.640867]
[825,0.640867]
[826,0.640867]
[827,0.640867]
[828,0.640867]
[829,0.640867]
[830,0.640867]
[831,0.640867]
[832,0.640867]
[833,0.640867]
[834,0.640867]
[835,0.640867]
[836,0.640867]
[837,0.640867]
[838,0.640867]
[839,0.640867]
[840,0.640867]
[841,0.640867]
[842,0.640867]
[843,0.640867]
[844,0.640867]
[845,0.640867]
[846,0.640867]
[847,0.640867]
[848,0.640867]
[849,0.640867]
[850,0.640867]
[851,0.640867]
[852,0.640867]
[853,0.640867]
[854,0.640867]
[855,0.640867]
[856,0.640867]
[857,0.640867]
[858,0.640867]
[859,0.640867]
[860,0.640867]
[861,0.640867]
[862,0.640867]
[863,0.640867]
[864,0.640867]
[865,0.640867]
[866,0.640867]
[867,0.640867]
[868,0.640867]
[869,0.640867]
[870,0.640867]
[871,0.640867]
[872,0.640867]
[873,0.640867]
[874,0.640867]
[875,0.640867]
[876,0.640867]
[877,0.640867]
[878,0.640867]
[879,0.640867]
[880,0.640867]
[881,0.640867]
[882,0.640867]
[883,0.640867]
[884,0.640867]
[885,0.640867]
[886,0.640867]
[887,0.640867]
[888,0.640867]
[889,0.640867]
[890,0.640867]
[891,0.640867]
[892,0.640867]
[893,0.640867]
[894,0.640867]
[895,0.640867]
[896,0.640867]
[897,0.640867]
[898,0.640867]
[899,0.640867]
[900,0.640867]
[901,0.640867]
[902,0.640867]
[903,0.640867]
[904,0.640867]
[905,0.640867]
[906,0.640867]
[907,0.640867]
[908,0.640867]
[909,0.640867]
[910,0.640867]
[911,0.640867]
[912,0.640867]
[913,0.640867]
[914,0.640867]
[915,0.640867]
[916,0.640867]
[917,0.640867]
[918,0.640867]
[919,0.640867]
[920,0.640867]
[921,0.640867]
[922,0.640867]
[923,0.640867]
[924,0.640867]
[925,0.640867]
[926,0.640867]
[927,0.640867]
[928,0.640867]
[929,0.640867]
[930,0.640867]
[931,0.640867]
[932,0.640867]
[933,0.640867]
[934,0.640867]
[935,0.640867]
[936,0.640867]
[937,0.640867]
[938,0.640867]
[939,0.640867]
[940,0.640867]
[941,0.640867]
[942,0.640867]
[943,0.640867]
[944,0.640867]
[945,0.640867]
[946,0.640867]
[947,0.640867]
[948,0.640867]
[949,0.640867]
[950,0.640867]
[951,0.640867]
[952,0.640867]
[953,0.647059]
[954,0.647059]
[955,0.647059]
[956,0.647059]
[957,0.647059]
[958,0.647059]
[959,0.647059]
[960,0.647059]
[961,0.647059]
[962,0.647059]
[963,0.647059]
[964,0.647059]
[965,0.647059]
[966,0.647059]
[967,0.647059]
[968,0.647059]
[969,0.647059]
[970,0.647059]
[971,0.647059]
[972,0.647059]
[973,0.647059]
[974,0.647059]
[975,0.647059]
[976,0.647059]
[977,0.647059]
[978,0.647059]
[979,0.647059]
[980,0.647059]
[981,0.647059]
[982,0.647059]
[983,0.647059]
[984,0.647059]
[985,0.647059]
[986,0.647059]
[987,0.647059]
[988,0.647059]
[989,0.647059]
[990,0.647059]
[991,0.647059]
[992,0.647059]
[993,0.647059]
[994,0.647059]
[995,0.647059]
[996,0.647059]
[997,0.647059]
[998,0.647059]
[999,0.647059]
