[0,0.482972]
[1,0.486068]
[2,0.489164]
[3,0.492260]
[4,0.495356]
[5,0.498452]
[6,0.498452]
[7,0.492260]
[8,0.492260]
[9,0.486068]
[10,0.489164]
[11,0.489164]
[12,0.489164]
[13,0.489164]
[14,0.486068]
[15,0.486068]
[16,0.486068]
[17,0.486068]
[18,0.489164]
[19,0.492260]
[20,0.492260]
[21,0.492260]
[22,0.492260]
[23,0.492260]
[24,0.492260]
[25,0.492260]
[26,0.492260]
[27,0.492260]
[28,0.495356]
[29,0.492260]
[30,0.492260]
[31,0.501548]
[32,0.504644]
[33,0.504644]
[34,0.504644]
[35,0.504644]
[36,0.513932]
[37,0.513932]
[38,0.513932]
[39,0.513932]
[40,0.517028]
[41,0.517028]
[42,0.517028]
[43,0.507740]
[44,0.507740]
[45,0.507740]
[46,0.507740]
[47,0.507740]
[48,0.507740]
[49,0.507740]
[50,0.507740]
[51,0.507740]
[52,0.510836]
[53,0.510836]
[54,0.510836]
[55,0.507740]
[56,0.507740]
[57,0.507740]
[58,0.507740]
[59,0.507740]
[60,0.507740]
[61,0.507740]
[62,0.510836]
[63,0.510836]
[64,0.510836]
[65,0.510836]
[66,0.510836]
[67,0.510836]
[68,0.510836]
[69,0.510836]
[70,0.510836]
[71,0.510836]
[72,0.510836]
[73,0.510836]
[74,0.510836]
[75,0.510836]
[76,0.510836]
[77,0.510836]
[78,0.510836]
[79,0.510836]
[80,0.510836]
[81,0.510836]
[82,0.510836]
[83,0.510836]
[84,0.510836]
[85,0.510836]
[86,0.510836]
[87,0.510836]
[88,0.513932]
[89,0.513932]
[90,0.513932]
[91,0.513932]
[92,0.513932]
[93,0.513932]
[94,0.513932]
[95,0.513932]
[96,0.513932]
[97,0.513932]
[98,0.513932]
[99,0.513932]
[100,0.513932]
[101,0.513932]
[102,0.513932]
[103,0.513932]
[104,0.513932]
[105,0.513932]
[106,0.513932]
[107,0.513932]
[108,0.513932]
[109,0.513932]
[110,0.513932]
[111,0.513932]
[112,0.513932]
[113,0.513932]
[114,0.513932]
[115,0.513932]
[116,0.513932]
[117,0.513932]
[118,0.513932]
[119,0.513932]
[120,0.513932]
[121,0.513932]
[122,0.513932]
[123,0.510836]
[124,0.510836]
[125,0.510836]
[126,0.510836]
[127,0.510836]
[128,0.510836]
[129,0.510836]
[130,0.510836]
[131,0.510836]
[132,0.510836]
[133,0.510836]
[134,0.507740]
[135,0.507740]
[136,0.507740]
[137,0.507740]
[138,0.507740]
[139,0.507740]
[140,0.507740]
[141,0.507740]
[142,0.507740]
[143,0.507740]
[144,0.507740]
[145,0.507740]
[146,0.507740]
[147,0.507740]
[148,0.507740]
[149,0.507740]
